6.052061960812837871e-02
3.279152671282713205e-02
5.391670712015833589e-02
7.908384081656399944e-02
6.236205030068517861e-03
5.314552921767833060e-02
2.842957400384493391e-02
1.115202532212988124e-01
5.029408322991698460e-02
3.113690193556435323e-02
2.745395741787926350e-02
5.964081713766719584e-02
2.054078795204890631e-03
4.876575562608155556e-02
1.469175952793624895e-02
1.247083862589727227e-01
1.160194199562310279e-03
1.704037702777300698e-04
1.092661958304916086e-03
5.638309095417460377e-04
3.483875556360294423e-06
9.659125136220015695e-04
4.480281727693541383e-02
2.757992546893759181e-02
1.813286542491553827e-02
1.613519021831136616e-02
1.720083455477734030e-02
3.758933847039629128e-02
5.374117663165351930e-04
5.583649813536121923e-04
4.065906558666731140e-04
4.478410039920166616e-04
3.116995343503554949e-02
9.774100138619085370e-04
1.553128845846970564e-03
1.599075501725577466e-03
3.496933558162317668e-06
3.360486612560547193e-03
5.272686768090072834e-03
9.288987654448836338e-04
3.453554286508770982e-04
2.050014183838038502e-04
6.514140399820536457e-05
2.786784410521742788e-05
1.059381610191673102e-05
7.885360286255853552e-04
1.424816711723958171e-03
2.707773153149699210e-04
1.535756057090821808e-04
2.909546122941563759e-05
3.064169081359513686e-05
1.501107675021996841e-05
1.171180856771729427e-05
4.540049582192679897e-06
4.949862091814494656e-06
1.493060634629600729e-06
1.668675936057016076e-06
6.548253207234918270e-07
6.803789649697896296e-07
2.935429644190729638e-07
2.313589906136270008e-07
0.000000000000000000e+00
